1,4.9285,3.8614
1,5.7133,3.6218
1,5.9871,4.5556
1,5.07,3.2134
1,5.1441,3.7486
1,4.3914,3.4569
1,5.5142,4.5211
1,4.5759,4.281
1,5.1254,3.6619
1,5.1387,3.8307
1,4.9239,4.1834
1,5.2426,4.098
1,5.0349,2.9064
1,6.0867,3.2022
1,5.7552,3.7955
1,6.0881,4.4713
1,5.4918,4.1757
1,5.0565,3.5852
1,5.0984,4.2359
1,5.1014,3.7232
1,5.4594,3.5279
1,4.8449,4.0364
1,5.1606,3.8268
1,4.5998,3.9303
1,5.5105,3.6084
1,4.7533,4.0044
1,4.3359,3.7088
1,4.8604,3.5667
1,4.7361,4.3827
1,4.569,3.9955
1,4.7086,3.493
1,5.3181,4.538
1,4.9639,3.6856
1,4.2114,4.0374
1,5.7244,3.5509
1,5.1097,4.7835
1,5.3825,4.7835
1,4.4321,3.9924
1,4.9213,3.7122
1,5.5755,4.3944
1,4.4375,4.1413
1,5.214,3.9684
1,5.814,4.6449
1,4.6446,4.4852
1,3.9664,4.0697
1,3.9897,4.2431
1,4.9564,3.9935
1,5.7004,4.1556
1,4.8332,4.3229
1,4.8917,4.4624
1,4.1477,3.651
1,5.1658,4.0469
1,5.0707,4.2704
1,5.3409,3.4773
1,4.6461,3.9563
1,5.7372,3.7389
1,4.924,3.8831
1,4.1599,4.1062
1,4.896,3.7112
1,5.6977,4.3263
1,5.2424,4.0628
1,4.0893,4.6196
1,5.8891,3.9701
1,5.2846,3.8903
1,5.0416,4.0905
1,4.9868,4.2253
1,4.8993,4.4513
1,4.8772,3.5662
1,4.4937,4.2201
1,5.5809,3.4642
1,4.9524,4.2798
1,5.5018,3.5368
1,5.3121,3.9954
1,5.0588,4.6169
1,5.2198,4.0636
1,4.5508,3.7305
1,5.2623,3.7717
1,5.8323,4.0273
1,5.6161,4.2107
1,5.1692,3.7023
1,5.245,4.174
1,4.9911,3.7167
1,4.5075,4.0119
1,4.647,4.1076
1,4.5582,3.878
1,4.7679,3.976
1,5.5045,4.3293
1,5.5345,3.8715
1,5.6928,3.1581
1,5.3056,4.2405
1,5.6075,3.5561
1,4.0368,4.157
1,5.0334,3.7801
1,3.6855,4.422
1,5.6047,3.4041
1,4.669,3.7318
1,5.5162,4.1479
1,5.4415,4.2657
1,4.7764,3.9733
1,4.5706,3.8004
1,4.8459,3.5362
1,4.8954,4.0595
1,5.0676,3.4908
1,4.8662,4.9144
1,5.2224,3.9021
1,4.4572,4.2215
1,4.9389,4.235
1,4.8222,4.3337
1,4.9137,3.8104
1,4.668,4.6895
1,4.7356,4.0974
1,5.0859,4.0843
1,5.1643,4.103
1,5.3395,4.4563
1,4.9109,4.4807
1,5.3273,3.939
1,5.2068,3.1996
1,4.7873,3.6434
1,4.7616,3.3027
1,5.3488,3.4291
1,3.8505,4.1638
1,5.5869,3.6433
1,5.3277,4.5409
1,4.4046,4.2513
1,6.0192,3.7361
1,4.9653,3.9841
1,5.5574,4.3755
1,6.4593,4.1033
1,4.6451,3.7189
1,5.0755,4.6634
1,3.497,4.0952
1,4.469,4.7111
1,4.7152,4.4804
1,5.4811,4.0789
1,4.7349,3.8917
1,5.0869,3.6204
1,4.8778,4.5695
1,5.3556,4.5505
1,6.3393,4.0147
1,4.9487,3.7771
1,4.5466,4.0542
1,4.7305,3.7062
1,4.7328,3.8459
1,4.6894,3.8804
1,6.063,4.0492
1,5.0094,3.976
1,5.0524,4.4293
1,4.5725,3.6564
1,4.7257,4.4738
1,5.3793,4.453
1,5.0431,4.2303
1,5.408,4.1229
1,5.0437,3.4938
1,4.7193,4.3066
1,5.767,4.0251
1,5.0695,3.8328
1,6.3361,4.2559
1,5.5517,4.2767
1,4.2723,4.8372
1,4.4342,4.0809
1,4.5189,3.3647
1,4.8084,3.3757
1,5.0026,3.4982
1,5.3663,3.4903
1,5.7427,3.7805
1,5.099,4.3791
1,5.0394,3.7576
1,4.593,3.7055
1,5.0713,3.352
1,5.1392,4.1717
1,5.2102,4.0435
1,5.7095,3.861
1,4.4265,3.996
1,5.2767,3.8073
1,4.3028,4.2414
1,5.629,4.851
1,6.3204,4.1734
1,5.4842,4.4597
1,4.36,4.2034
1,5.0737,4.0393
1,4.7983,4.8919
1,4.3254,3.3249
1,4.5373,3.8005
1,4.0196,4.5466
1,4.6765,3.8996
1,5.5484,4.2146
1,5.1892,3.8263
1,3.7618,4.5787
1,5.58,4.357
1,5.4485,3.7865
1,4.3912,3.89
1,4.6431,3.7524
1,5.1807,4.2695
1,4.3247,3.053
1,4.4617,4.3545
1,4.4814,3.335
1,5.254,3.1568
1,5.0282,3.8893
1,4.6791,4.5206
1,4.4115,4.6685
2,2.4114,1.979
2,1.5733,2.3631
2,2.2785,2.0205
2,1.8372,2.097
2,1.2452,2.3753
2,2.3406,1.8668
2,1.6681,2.1379
2,1.6228,2.32
2,1.485,2.3422
2,1.9023,2.1901
2,2.3947,2.8036
2,1.5655,1.6182
2,2.556,1.7472
2,1.8363,2.088
2,1.9366,1.864
2,2.1501,2.1475
2,2.4813,1.5876
2,1.7453,2.0239
2,2.5546,2.2565
2,2.1599,1.697
2,1.5827,1.8976
2,1.5522,1.3936
2,1.7762,1.7499
2,1.8227,2.0916
2,2.5784,2.3878
2,1.5484,2.3763
2,2.899,2.0771
2,1.1713,1.8188
2,1.917,1.5702
2,1.8852,2.2373
2,2.0806,2.1134
2,2.1291,1.8315
2,1.7326,1.9264
2,2.1248,2.0215
2,1.484,1.7704
2,1.7432,1.7959
2,2.4547,1.9149
2,2.2803,1.83
2,1.6884,2.4162
2,2.4578,2.0701
2,1.9454,2.1732
2,2.0127,2.6468
2,2.1428,1.8891
2,2.0517,1.9117
2,2.6946,1.6051
2,2.0205,2.1408
2,2.0413,1.8541
2,1.9135,1.7743
2,1.5699,2.1959
2,2.1163,1.5861
2,2.1668,1.226
2,2.1643,2.503
2,2.1863,2.4002
2,2.3012,2.2019
2,1.7679,1.448
2,2.1677,1.8784
2,2.1814,2.6861
2,1.8669,2.2456
2,1.9918,1.784
2,1.7559,1.8322
2,2.1168,1.8915
2,1.8977,1.9085
2,2.5752,1.7049
2,2.1398,2.5997
2,1.9084,2.2928
2,1.7821,2.115
2,1.2005,2.4593
2,2.0672,1.7164
2,1.7647,2.0144
2,2.0697,2.0306
2,1.5486,1.6488
2,2.2348,2.2022
2,1.7999,1.9407
2,2.1218,2.3819
2,1.7704,2.209
3,5.7025,1.0824
3,5.342,0.93283
3,5.2905,1.2243
3,6.0172,1.0145
3,4.4445,1.4989
3,5.3361,1.3805
3,5.409,0.032705
3,5.1869,1.3496
3,6.0518,0.9058
3,5.4809,0.99955
3,5.7118,1.3891
3,5.3147,1.0519
3,5.6253,0.7646
3,4.5206,1.2207
3,5.996,1.0015
3,5.7905,1.1263
3,5.2073,0.62798
3,5.8794,1.6572
3,5.9037,1.2064
3,4.9973,1.3459
3,5.7684,0.81819
3,5.6184,1.237
3,5.2872,1.8134
3,5.4642,1.267
3,6.2432,1.7498
3,5.4274,1.5261
3,5.2161,1.3705
3,5.7419,1.3069
3,5.9165,1.1864
3,5.4774,1.6919
3,5.4083,1.5172
3,5.9322,0.7687
3,6.1745,1.8579
3,5.4089,1.3128
3,5.7895,1.5919
3,4.7429,1.5041
3,5.2187,1.803
3,5.2378,0.92008
3,4.9457,1.2248
3,5.5161,1.1765
3,5.1643,1.8896
3,5.0885,2.2288
3,5.9441,1.1563
3,5.5361,1.4764
3,5.9568,0.74018
3,5.6216,1.2515
3,6.2425,0.92751
3,5.7474,1.4847
3,5.7607,2.1085
3,5.8749,1.2866
3,5.1508,1.455
3,5.0798,1.6963
3,5.9304,0.92188
3,5.8613,0.65698
3,5.1735,1.2857
3,5.4574,0.95459
3,5.4943,1.8389
3,5.7326,1.8728
3,5.6371,1.0294
3,4.9133,1.8144
3,5.8812,0.77365
3,5.5385,1.4544
3,5.5795,1.3236
3,5.6222,1.2891
3,5.5816,1.0748
3,5.3908,0.88711
3,5.1006,1.177
3,5.3821,1.5025
3,5.3331,1.429
3,5.8321,1.7148
3,6.4619,1.0469
3,5.2204,0.92927
3,5.8373,1.3705
3,5.6725,1.1224
3,5.5617,1.6784
3,5.8001,0.71983
3,5.6889,1.0932
3,5.5463,1.337
3,4.9843,1.0733
3,5.1885,0.90546
3,6.0548,1.7291
3,5.8218,1.6568
3,5.6879,1.9782
3,6.0293,1.5557
3,5.6791,1.0787
3,5.5309,1.1898
3,5.3798,1.4437
3,5.2963,1.771
3,5.4682,1.2235
3,4.8964,0.62866
3,5.3855,0.8971
3,6.049,1.5585
3,5.4317,1.3019
3,5.5706,1.6734
3,5.6097,1.4715
3,6.3798,0.73348
3,5.081,1.8012
3,4.9557,0.79941
3,5.7561,1.267
3,5.8284,1.3525
4,9.0775,2.7771
4,8.9613,3.3209
4,8.7119,3.6016
4,8.0121,3.3679
4,8.0031,2.7771
4,8.6163,3.1395
4,7.7143,2.5646
4,8.4607,3.2403
4,8.1919,3.1652
4,8.6466,2.3903
4,8.0155,2.8756
4,8.4253,3.6547
4,7.7806,2.199
4,8.5266,2.7375
4,8.4052,2.3712
4,7.8011,2.5796
4,8.4194,2.3385
4,8.5392,3.1478
4,8.1397,2.6255
4,8.8223,3.0393
4,8.223,3.2521
4,7.7447,2.8714
4,8.347,3.2511
4,8.1072,2.9153
4,8.211,2.8848
4,7.8876,3.1368
4,8.8244,3.3919
4,7.9467,2.8629
4,8.4443,3.6589
4,8.3809,2.5023
4,8.7111,2.1501
4,8.1033,3.0902
4,8.6581,2.0716
4,8.8598,1.841
4,8.4017,2.9351
4,8.3248,3.0457
4,8.6768,2.8324
4,8.4538,2.8558
4,9.2524,3.1818
4,8.5502,2.809
4,7.6716,3.0474
4,8.7752,2.8323
4,8.7667,2.8062
4,8.0646,3.7007
4,8.2356,3.7525
4,8.8217,3.0722
4,8.1029,3.3185
4,8.2677,3.5017
4,8.5871,2.3659
4,8.0309,2.0319
4,8.592,3.4742
4,8.4763,3.018
4,9.1962,2.4232
4,8.6727,3.2762
4,8.2496,3.2927
4,8.8509,3.7567
4,8.2996,2.9131
4,8.9204,2.9164
4,7.88,2.5445
4,8.9158,1.9658
4,8.6641,2.7161
4,8.7416,3.4551
4,8.331,2.5677
4,8.7948,3.0929
4,8.4685,2.4071
4,8.6258,3.5798
4,8.2338,3.5113
4,8.7999,2.6552
4,8.4696,2.5774
4,8.8129,3.3867
4,8.79,3.4258
4,8.1152,3.3652
4,7.9859,3.0107
4,8.0911,3.125
4,8.125,3.1872
4,8.0634,2.828
4,8.163,3.7819
4,8.4703,2.6265
4,8.2039,2.7047
4,8.884,3.0117
4,8.6289,3.0326
4,8.9539,2.5667
4,8.6764,2.4888
4,8.7571,2.7064
4,8.7279,2.8525
4,8.1132,2.9907
4,8.2166,2.48
4,8.465,2.7173
4,8.4312,2.8101
4,8.8339,2.5734
4,8.3821,3.3978
4,8.0758,3.206
4,8.6379,2.8602
4,8.6044,3.6342
4,9.4946,3.4637
4,9.0568,2.9447
4,8.7354,3.4108
4,8.9286,2.9122
4,8.4012,2.8094
4,7.7989,2.6601
4,8.9475,3.5346
4,8.5513,3.6182
4,9.1388,3.4291
4,8.9027,2.945
4,8.8391,3.5398
4,8.3619,2.9579
4,8.8518,3.0845
4,8.3423,2.9869
4,8.6083,2.8254
4,8.4742,3.1115
4,8.6299,3.1037
4,9.438,2.5935
4,8.4424,3.0611
4,8.3396,4.0565
4,9.0262,3.1985
4,8.2306,3.5866
4,8.4859,3.1156
4,8.0064,2.8461
4,8.6281,2.9174
4,8.706,2.4314
4,8.7278,2.6892
4,8.4984,3.334
4,8.7447,3.2284
4,8.3039,2.9295
4,7.8091,4.1087
5,2.7038,6.466
5,1.9889,6.128
5,1.9445,6.1708
5,2.268,5.6892
5,1.7873,5.9934
5,2.4347,6.424
5,2.096,6.279
5,2.1985,5.8956
5,1.5228,5.8721
5,2.0619,6.961
5,2.1318,6.1525
5,1.4542,5.751
5,1.5154,5.8269
5,1.5535,6.0674
5,2.293,6.5455
5,2.2865,5.8889
5,1.2857,6.0648
5,2.0491,6.6794
5,1.3507,6.4317
5,2.0085,5.8108
5,2.1594,5.6289
5,1.2123,6.4961
5,2.5318,5.9897
5,1.9727,5.9551
5,1.5178,5.4504
5,2.9743,4.9383
5,2.7669,5.6476
5,2.1535,6.5678
5,1.9215,5.8025
5,2.3981,5.6582
5,2.3542,5.8588
5,1.0303,6.2801
5,1.6339,5.6893
5,1.4227,5.045
5,1.7921,5.7095
5,2.4429,6.4451
5,1.3991,6.5336
5,1.8224,6.4623
5,2.2694,6.1871
5,0.79706,6.0717
5,2.5949,5.5734
5,1.1605,6.2842
5,1.9536,5.6937
5,1.905,6.1894
5,2.0548,5.4524
5,2.2736,5.9525
5,1.3786,6.5024
5,2.4911,5.8764
5,1.986,6.1629
5,2.0706,5.9729
5,1.5244,5.8316
5,1.9802,6.102
5,2.1387,5.7991
5,2.043,6.2289
5,2.1897,5.7198
5,1.5098,5.6777
5,1.0981,5.8277
5,1.9626,6.3902
5,1.5535,6.1951
5,1.9557,6.365
5,2.1448,6.8691
5,1.4215,5.8562
5,1.2837,5.7809
5,1.614,6.3416
5,1.6505,5.9266
5,1.9097,6.2362
5,1.8859,6.2947
5,2.4069,6.331
5,1.9406,5.9504
5,2.2949,6.782
5,1.8933,5.9444
5,1.4763,5.3975
5,2.2824,5.7478
5,1.7058,6.3162
5,1.3653,6.5608
5,2.1905,5.8573
5,2.2381,6.6912
5,2.183,6.0568
5,1.7006,5.7887
5,2.008,6.4085
5,1.6848,5.8599
5,2.0455,5.5159
5,1.8173,4.8382
5,2.2747,6.2954
5,1.921,6.2172
5,1.8071,5.6052
5,2.0806,5.5204
5,1.4841,5.1091
5,1.9123,5.6653
5,1.5297,5.7693
5,1.7866,6.3659
5,2.4331,5.936
5,2.0925,6.8373
5,1.8216,5.7312
5,2.1565,5.5542
5,2.1154,5.8968
5,1.8373,6.0729
5,1.4953,6.0655
5,2.7178,6.0667
5,2.02,6.172
5,2.6587,6.2314
5,1.9812,5.8673
5,2.4945,5.5701
5,2.2379,6.0377
5,1.997,6.4563
5,1.3597,6.8666
5,1.7046,5.9424
5,1.8597,5.4553
5,2.3931,5.354
5,2.3648,5.7176
5,2.1099,5.4827
5,1.9695,5.8656
5,2.2057,5.4532
5,1.7824,6.1684
5,2.4114,6.6528
5,1.711,6.4831
5,1.4093,6.0593
5,1.9489,6.1529
5,1.4022,5.9071
5,2.1241,5.555
5,2.5014,5.4955
5,1.439,5.729
5,1.3265,6.0934
5,1.9023,5.3051
5,1.9659,5.8444
6,2.8288,8.3339
6,3.9532,8.0615
6,3.3771,7.722
6,3.4814,8.0333
6,3.2984,8.2679
6,3.3905,8.4772
6,3.912,7.5729
6,3.829,7.7749
6,3.2853,8.1002
6,3.6422,8.2413
6,3.3827,8.0821
6,3.4169,7.8881
6,3.3544,9.0969
6,3.3449,7.4769
6,4.0229,8.5176
6,3.4523,7.9527
6,3.7305,7.6303
6,3.5618,7.8797
6,3.6914,8.323
6,3.5306,8.2657
6,3.3817,7.4171
6,3.469,8.244
6,4.1329,8.1284
6,3.5498,8.3157
6,3.3061,8.5053
6,3.4066,7.2674
6,4.0317,8.3876
6,3.1411,7.7842
6,3.4543,7.7736
6,3.2646,7.7363
6,3.0181,8.0654
6,3.6964,7.8945
6,3.6883,8.1105
6,3.7278,7.7662
6,3.7496,8.5027
6,3.3538,8.0516
6,3.6037,7.6626
6,3.0658,8.0626
6,2.8508,7.9652
6,3.4482,8.3233
6,3.9482,7.7951
6,3.0637,8.2778
6,3.3561,8.1505
6,3.9933,8.5356
6,4.1378,7.9799
6,3.9589,8.4102
6,3.703,7.9358
6,3.371,8.2693
6,3.6831,7.6257
6,3.3209,7.8611
7,8.0208,5.57
7,8.3038,5.9973
7,7.5856,6.3959
7,7.7704,5.4616
7,7.4101,5.3793
7,9.3456,4.4817
7,7.6181,5.6334
7,7.8977,5.102
7,7.1322,5.1178
7,7.4617,5.6624
7,8.0232,5.4205
7,7.5841,5.1945
7,8.1607,4.8874
7,8.5467,5.551
7,7.7974,5.0625
7,8.573,5.1085
7,8.5763,5.6936
7,8.884,6.1426
7,8.3055,5.3169
7,8.0231,5.5802
7,8.9957,5.2608
7,8.3591,5.5061
7,7.9595,5.0029
7,7.7863,5.0506
7,7.8911,5.3051
7,7.8735,6.1999
7,7.6054,5.1145
7,7.9839,5.2653
7,8.2985,6.2047
7,7.9485,4.9866
7,7.4831,5.7937
7,7.6948,5.0895
7,8.2528,5.4703
7,8.379,5.609
7,8.3796,5.8249
7,7.5952,5.4092
7,7.7526,5.1661
7,7.3733,5.3901
7,7.8057,6.0894
7,7.4804,6.4566
7,7.4154,5.6627
7,8.3673,6.0598
7,7.006,5.0852
7,7.8648,5.6435
7,8.3159,6.0741
7,7.996,5.543
7,8.1116,5.3081
7,8.1688,4.8876
7,9.5094,6.3742
7,7.6928,5.6059
7,8.2966,5.8906
7,7.4143,6.3356
7,8.4977,5.4182
7,8.367,5.0908
7,8.4977,5.4619
7,7.7996,4.6649
7,7.7867,5.0136
7,8.4443,5.5771
7,8.2527,5.4104
7,8.7783,6.3482
7,8.4187,5.8856
7,9.323,5.5836
7,8.7432,5.7181
7,7.3278,5.6586
7,7.2534,5.6306
7,7.7612,5.4814
7,7.3576,5.0506
7,7.8591,5.8883
7,8.5772,5.6217
7,8.6142,4.9361
7,7.6703,5.1395
7,8.668,5.3541
7,8.295,5.0424
7,7.9311,5.6052
7,8.4061,5.5446
7,8.6891,4.9816
7,7.8427,6.4217
7,7.9881,4.4991
7,8.0875,5.2669
7,7.8169,5.9171
7,8.24,6.3375
7,8.2485,4.9748
7,8.636,5.1951
7,8.0443,6.3937
7,7.6181,5.6748
7,7.9583,5.0242
7,7.9494,5.6428
7,7.7791,4.7091
7,9.2955,4.7165
7,7.8233,5.7931
7,8.0302,4.5815
7,7.6731,5.3095
7,7.9961,6.1002
7,7.8152,5.0386
7,8.0372,6.6566
7,8.129,6.0811
7,7.8529,4.6878
7,8.1452,5.9926
7,9.3455,4.76
7,8.603,4.9337
7,8.3937,6.4602
7,7.533,6.0065
7,8.3428,6.5154
7,8.5649,6.1267
7,6.8651,5.6361
7,8.1347,6.2698
7,9.317,4.6493
7,7.5144,5.7584
7,7.4516,5.2824
7,8.6733,5.5297
7,7.2313,6.0597
7,7.7689,6.3017
7,8.1799,5.2545
7,7.8288,5.0269
7,7.9477,5.3933
7,8.0493,5.8646
7,7.7457,5.4273
7,7.9916,5.4537
7,7.4449,5.8673
7,6.9682,5.1584
7,8.5431,5.9511
7,7.0226,5.843
7,7.7355,5.3785
7,8.8098,6.3973
7,6.8702,4.5824
8,6.7309,7.4921
8,5.9858,8.2369
8,5.3655,7.8865
8,6.1528,7.3845
8,5.4098,7.2333
8,7.1987,7.1724
8,6.3135,7.2207
8,5.0505,6.62
8,5.624,7.2888
8,5.9956,7.0331
8,5.7658,9.4241
8,6.2563,6.7316
8,5.0273,7.3892
8,6.5113,7.1486
8,5.1967,7.4239
8,5.4497,7.6452
8,5.6211,8.1365
8,7.2734,8.2296
8,5.7818,7.1262
8,6.6727,7.5679
8,5.4937,7.2233
8,5.949,7.0926
8,6.7869,8.1404
8,5.7358,8.1883
8,6.3939,7.4212
8,6.4094,7.5045
8,6.2499,7.1353
8,5.5153,7.7458
8,5.838,7.0003
8,6.3015,6.6469
8,5.8129,8.0465
8,5.7955,7.7158
8,6.9744,7.5258
8,6.3611,7.95
8,6.1717,7.4349
8,5.5332,6.9646
8,6.2743,8.1388
8,5.1593,6.4005
8,6.3856,7.5636
8,6.3251,8.6382
8,6.0962,6.8111
8,6.7808,7.5032
8,5.6035,7.1874
8,6.9086,8.3375
8,5.9873,7.4709
8,5.7438,7.7326
8,6.8187,7.3108
8,5.0619,7.391
8,5.4196,8.5205
8,5.9651,7.9328
8,6.659,8.3661
8,6.2704,7.4754
8,6.2336,7.5491
8,5.785,7.9559
8,4.8155,7.7565
8,5.192,7.1385
8,6.037,7.0532
8,6.0008,7.4587
8,6.5691,7.6869
8,6.264,7.6504
8,6.4073,7.6707
8,6.203,8.4088
8,5.8228,8.323
8,6.231,8.1289
8,6.3163,7.4598
8,5.797,7.9196
8,6.1438,6.5735
8,6.445,7.7512
8,5.8473,6.9806
8,5.5882,6.8596
8,6.9864,7.2169
8,5.5993,8.4011
8,7.4911,8.289
8,6.0706,7.7149
8,5.593,8.5001
8,5.6912,7.8297
8,5.5653,7.176
8,6.1696,7.5323
8,5.8436,7.4654
8,5.7978,7.4475
8,5.9252,8.1639
8,6.3706,7.5946
8,6.4645,6.6531
8,5.6176,8.4531
8,5.22,7.7864
8,5.4102,8.2679
8,5.5005,7.7061
8,5.6582,7.6194
8,5.3613,8.372
8,5.6744,6.6973
8,6.1168,7.1347
8,6.3101,7.7424
8,6.0252,6.6904
8,6.3092,7.6853
8,5.5594,7.7867
8,5.6964,7.3975
8,5.8093,7.3357
8,5.5961,6.9904
8,5.8209,7.2371
8,5.9206,7.7769
8,5.432,7.6906
8,6.9156,6.9701
8,6.6685,7.7065
8,6.6842,7.2744
8,6.4506,6.8632
8,5.5961,6.8462
8,6.2043,7.0015
8,6.0593,7.7541
8,6.2492,6.7518
8,6.8048,6.9891
8,5.7061,7.4272
8,6.5371,6.3448
8,6.2833,7.1478
8,6.2543,8.5077
8,5.9247,7.5933
8,5.3472,7.7626
8,5.7864,8.2077
8,5.5505,6.0235
8,5.8203,6.9291
8,6.8918,6.4782
8,5.2189,8.3299
8,5.6466,7.1099
8,6.4748,7.4729
8,5.3803,7.3761
8,6.5931,7.2043
8,6.3393,7.4629
8,6.5244,7.9552
8,6.8208,7.396
8,6.4513,7.4065
8,5.0661,6.8124
8,6.0391,7.9588
8,6.424,8.8323
8,4.5488,7.1506
8,5.6473,7.8043
8,5.9328,8.5959
8,5.972,8.2161
8,6.6295,7.7452
8,5.7762,8.2697
8,5.7745,6.557
8,5.8056,7.5424
8,5.8579,8.3637
8,5.0499,7.0484
8,6.4025,6.9033
8,6.0071,7.0602
8,6.1334,7.0551
8,5.9864,7.6265
8,5.6792,7.2693
8,6.0593,7.661
8,6.9761,7.2655
8,6.2185,7.8087
