1,0.96933,0.67328
1,0.92757,1.0098
1,1.0958,1.1658
1,1.0939,1.3302
1,0.74054,1.4633
1,0.99098,1.0258
1,0.95054,0.55252
1,1.1883,0.77731
1,1.328,0.68153
1,1.3328,1.7051
1,0.7409,0.81532
1,1.0232,1.2244
1,0.63576,0.94227
1,0.66595,1.2666
1,0.99795,0.77055
1,1.4598,0.57932
1,0.7691,0.57329
1,1.1114,1.1465
1,0.93232,0.94679
1,1.3352,0.94118
1,1.555,0.68074
1,1.1911,1.481
1,1.7848,1.3704
1,1.5921,0.93111
1,1.5406,0.54815
1,1.6546,0.86661
1,1.5784,0.95322
1,1.2176,1.0828
1,1.4513,0.92165
1,1.4562,1.133
1,1.3404,1.1176
1,2.0046,0.6248
1,1.2373,0.71561
1,1.3549,0.77767
1,1.2864,0.84765
1,1.1477,0.90383
1,1.4423,1.0037
1,1.4178,0.091247
1,1.959,0.8629
1,1.4253,1.3727
1,0.66665,1.2
1,1.6669,0.66717
1,1.3752,0.88199
1,1.1855,0.94439
1,1.2912,1.0845
1,0.41747,0.66596
1,1.1577,1.0943
1,2.002,0.75743
1,1.2492,1.0132
1,1.2207,1.1305
1,0.83292,1.0654
1,1.1846,1.2165
1,1.3162,1.2012
1,1.4132,0.86982
1,1.0136,1.0514
1,1.0818,0.81112
1,2.2118,0.73564
1,0.070823,1.185
1,2.3147,1
1,1.3688,0.98902
2,5.0952,2.7146
2,5.2824,0.084286
2,5.0045,1.194
2,4.9904,0.70702
2,5.3403,1.1183
2,4.8981,1.6907
2,4.9994,1.5828
2,5.184,1.0736
2,5.03,1.9662
2,5.281,1.8734
2,5.2068,1.8884
2,5.0583,1.2446
2,4.8445,2.1291
2,5.1133,1.8964
2,4.7235,3.0053
2,5.0489,2.1381
2,5.1617,2.1942
2,5.0426,1.5318
2,5.1759,0.72697
2,5.4078,1.2773
2,5.1848,1.0453
2,5.0534,1.1616
2,5.1283,1.8331
2,5.0851,1.1659
2,4.7371,0.96293
2,4.9167,1.2544
2,5.2449,1.4035
2,4.9913,1.7456
2,5.1165,0.92842
2,4.7987,1.6904
2,5.0129,1.5468
2,5.1201,2.2946
2,4.7277,1.3721
2,5.0695,1.4193
2,4.9636,0.79719
2,4.8121,0.66884
2,4.9925,1.6863
2,4.6207,1.3503
2,4.5744,1.8022
2,4.7646,0.9644
2,4.8019,2.6451
2,4.7654,1.5733
2,4.6549,2.1282
2,5.0576,1.3638
2,4.6812,1.4025
2,5.022,1.914
2,5.1574,1.8335
2,4.9996,0.82785
2,5.0186,0.58038
2,4.9244,0.84128
2,4.7035,0.65054
2,4.9912,1.5357
2,5.1922,1.2532
2,5.3476,1.2792
2,4.914,0.68342
2,4.6745,1.9677
2,5.0333,1.7636
2,5.0753,1.4462
2,4.9546,2.1127
2,4.7702,0.97561
2,5.158,0.78633
2,4.8877,1.1076
2,4.8596,0.88331
2,4.8096,1.0474
2,5.0747,1.211
2,5.4184,1.0602
2,5.1091,1.1394
2,4.884,0.75913
2,5.1255,1.0992
2,4.8308,1.3208
3,9.1623,1.6309
3,8.5377,1.3487
3,8.9391,1.5306
3,8.85,1.8589
3,9.1149,1.5361
3,9.1236,1.1889
3,9.1216,1.2429
3,8.8909,1.449
3,8.8202,1.4425
3,8.8231,1.2403
3,9.2561,1.5542
3,8.4441,1.88
3,8.9378,1.4246
3,9.0811,1.4386
3,8.8042,0.83954
3,9.1432,1.2676
3,8.9786,1.082
3,8.7185,1.3841
3,9.0484,1.6577
3,8.9195,1.957
3,8.877,2.0395
3,8.7866,1.4649
3,9.0184,1.4039
3,8.4462,1.7453
3,8.8805,1.647
3,8.8369,1.7296
3,8.7264,1.7335
3,9.1958,1.0559
3,8.7797,1.6621
3,9.1622,1.4725
3,9.2928,1.2719
3,8.9529,1.2919
3,9.0833,1.8844
3,9.1919,1.2571
3,8.9757,1.129
3,9.1623,1.5644
3,8.6212,2.1032
3,9.3331,1.5077
3,8.7031,1.5925
3,8.4513,1.2185
3,9.4153,2.0023
3,8.9812,1.5375
3,9.1347,1.659
3,8.891,1.2144
3,8.6938,1.7562
3,8.0781,1.6167
3,9.1879,1.1532
3,8.914,1.5119
3,8.9408,1.3648
3,9.1217,1.5328
3,8.5742,1.4248
3,8.7812,1.443
3,9.3442,1.1901
3,9.1794,1.403
3,8.6156,1.73
3,8.339,2.0234
3,8.8286,1.1518
3,9.0642,2.2132
3,9.2827,1.9578
3,9.0281,1.5506
3,8.6633,1.4096
3,9.0918,1.2904
3,8.6483,1.7498
3,8.7117,1.2916
3,8.8039,1.3614
3,8.6312,1.7651
3,8.9187,1.6308
3,8.73,1.769
3,8.9143,1.6514
3,8.8613,1.3797
3,8.8771,1.3458
3,8.8489,1.7389
3,9.37,1.2986
3,9.1831,1.856
3,9.0177,1.7372
3,8.5599,1.5863
3,8.5123,1.501
3,8.4106,1.6097
3,9.7816,2.558
3,9.2917,1.4663
3,9.0771,1.033
3,8.7077,2.0745
3,8.6561,1.683
3,9.1643,1.3056
3,9.4695,2.2852
3,8.492,1.6653
3,8.8652,1.5883
3,8.9747,1.2666
3,8.4024,1.1805
3,9.2524,0.96948
3,8.8756,1.3731
3,9.5737,1.1841
3,8.8827,1.6943
3,9.1228,1.4047
3,8.6573,2.0307
3,8.8125,1.9532
3,8.6494,1.5492
3,9.1178,1.4152
3,9.3906,1.8456
3,8.8219,1.156
4,7.5368,0.85951
4,6.6046,0.95279
4,7.7272,0.7993
4,6.8502,1.0089
4,6.4193,1.0785
4,6.7525,0.86962
4,7.3738,0.89913
4,7.4224,0.95066
4,7.0641,1.0203
4,7.115,0.9522
4,7.2532,0.9397
4,6.4164,0.85172
4,6.7673,0.87685
4,6.2679,0.96134
4,6.8204,1.0683
4,7.3797,0.95684
4,7.287,0.7794
4,7.9151,0.94331
4,7.0667,0.89079
4,6.1374,0.87559
4,7.6758,0.87808
4,7.5129,0.81202
4,6.7669,0.86792
4,7.089,0.82156
4,7.3118,0.8635
4,7.1539,0.91173
4,7.2785,0.91743
4,6.9549,0.87843
4,6.9845,0.88474
4,7.0352,0.90337
4,6.6841,0.94583
4,7.5692,1.0282
4,7.0025,0.96201
4,7.2746,0.87133
4,6.658,0.9598
4,6.5699,0.87545
4,6.9636,0.72193
4,6.8989,0.66528
4,7.4779,0.72864
4,7.2424,0.87629
4,7.2162,0.83804
4,6.422,0.82798
4,6.6129,0.90407
4,7.0808,0.8341
4,6.8608,0.83695
4,7.516,0.96096
4,7.5365,0.97823
4,6.7677,1.1437
4,7.3501,0.93024
4,7.5582,0.90583
4,7.1284,0.84259
4,7.6494,0.88048
4,7.425,0.89495
4,7.0856,0.72442
4,7.3507,0.87426
4,7.0778,0.97495
4,6.834,0.84292
4,7.1434,0.94942
4,7.0145,0.99914
4,6.8541,1.0077
4,7.7084,0.97768
4,7.0885,0.67402
4,8.0922,0.84356
4,6.8815,0.99015
4,7.2257,0.93947
4,7.633,0.90049
4,8.0917,0.94369
4,7.1214,1.013
4,6.6839,0.91538
4,7.3214,0.82414
4,6.472,0.88198
4,6.8905,0.87922
4,7.1087,0.98967
4,7.5958,0.94123
4,7.5749,0.95475
4,6.989,0.91478
4,7.3696,0.86377
4,6.8715,0.90611
4,7.2644,0.92167
4,7.7661,0.76019
4,7.0627,0.91789
4,6.8798,0.99276
4,6.8,0.88898
4,7.2866,1.0572
4,7.5349,0.95605
4,7.8503,0.85797
4,7.0216,0.88461
4,7.0652,0.87248
4,6.7469,0.92411
4,7.6448,0.97547
4,6.9698,0.87081
4,6.8107,0.94584
4,7.8737,1.0755
4,7.324,0.99315
4,7.2865,0.98253
4,6.5978,0.81852
4,7.1736,0.84658
4,7.2081,0.92426
4,6.5631,0.88994
4,6.9097,0.7375
5,2.7476,0.88247
5,3.4434,1.4164
5,3.6007,0.97638
5,3.1454,1.9906
5,3.3829,1.4179
5,3.4875,1.1448
5,3.2156,1.448
5,3.3959,1.1978
5,3.5236,1.6429
5,3.1189,1.1258
5,3.6505,0.75143
5,3.7284,1.2986
5,3.4964,1.8244
5,3.4045,0.72135
5,3.0507,1.1031
5,3.5485,1.6019
5,3.0352,0.43195
5,3.8772,1.4502
5,3.5579,1.5012
5,3.4794,1.2854
5,3.2819,0.89191
5,2.7471,1.1971
5,3.0413,1.2373
5,3.5096,1.5741
5,4.1237,1.4654
5,3.6221,1.0599
5,3.4929,1.848
5,3.2374,1.1797
5,3.4367,0.87492
5,3.6887,1.0246
5,3.3238,1.5434
5,3.9675,1.2781
5,3.0339,1.5555
5,3.2871,1.2277
5,3.4157,2.1947
5,2.8138,0.53374
5,3.5696,1.0336
5,3.4233,1.1663
5,3.4242,1.2357
5,3.6384,1.7825
5,3.7131,1.2878
5,3.6407,1.154
5,3.2594,1.2274
5,3.386,1.5006
5,3.506,0.92423
5,3.023,1.3803
5,3.0892,0.57399
5,3.2719,1.1685
5,3.4233,0.82328
5,3.9373,0.93886
5,3.6392,1.313
5,3.2672,0.74997
5,3.2113,0.80441
5,3.8601,0.59366
5,4.2201,0.3086
5,3.4502,1.1394
5,3.2563,1.6651
5,2.9762,1.1272
5,3.6925,1.1064
5,3.4869,0.78131
5,3.7496,1.8333
5,3.1274,1.1002
5,3.4722,1.7176
5,3.2038,1.3448
5,3.7825,1.0948
5,3.2346,1.6329
5,3.3738,1.593
5,3.2957,1.1554
5,3.6982,1.7184
5,3.5285,1.9125
5,3.0987,1.1738
5,3.2102,1.0977
5,3.0863,1.3619
5,3.5517,1.3407
5,3.4996,1.523
5,2.9094,1.0978
5,2.8279,1.486
5,3.3879,1.6194
5,3.6092,1.271
5,3.4506,1.2613
5,2.9369,0.69827
5,2.9345,0.73088
5,3.6601,0.61542
5,3.3564,0.70228
5,3.2841,1.138
5,3.7949,0.55403
5,3.1611,2.0984
5,3.4406,1.4957
5,3.5253,0.37294
5,3.646,0.73818
5,3.1437,1.1571
5,3.5072,0.51485
5,4.2245,1.016
5,2.9461,1.6364
5,3.5302,1.1344
5,3.3311,1.1731
5,3.1519,0.79936
5,3.1504,0.97774
5,3.5494,0.65938
5,4.0947,1.3457
6,1.5592,3.0437
6,1.7402,2.8163
6,1.718,3.1831
6,1.4283,3.1371
6,1.474,3.2576
6,1.6467,3.4977
6,1.5241,3.3729
6,1.7273,3.5917
6,1.3626,2.9812
6,1.5943,2.9406
6,1.5577,3.1715
6,1.7784,3.615
6,1.2309,3.5911
6,1.5001,3.1623
6,1.5107,3.0209
6,1.0316,2.7438
6,1.7496,3.4016
6,2.0618,3.2069
6,1.4536,2.8467
6,1.5574,3.0996
6,1.4071,2.6512
6,1.5769,3.329
6,1.424,3.1478
6,1.4796,3.6894
6,1.8236,2.7922
6,1.3306,3.4912
6,1.3848,3.2431
6,1.4848,3.2248
6,1.4735,3.415
6,1.7879,3.558
6,1.9063,2.8787
6,1.3044,3.5957
6,1.3718,2.837
6,1.6041,2.8778
6,1.4239,2.9982
6,1.8986,3.4209
6,1.8272,2.879
6,1.6118,3.3004
6,1.6127,3.3236
6,1.4323,3.2462
6,1.6527,3.3664
6,1.7255,2.8481
6,1.5283,3.5023
6,1.8856,3.2341
6,1.6341,3.419
6,1.478,2.9049
6,1.5742,3.2156
6,1.7193,3.4633
6,1.4204,3.5042
6,1.4829,3.1747
6,1.9747,2.6439
6,1.4052,2.871
6,1.6893,3.2656
6,1.6636,3.4383
6,1.8178,3.3389
6,1.6052,3.0162
6,1.007,3.8733
6,1.3295,3.2217
6,1.6023,3.4597
6,1.5516,3.0753
6,1.8925,2.8655
6,1.7813,3.4056
6,1.5994,3.5113
6,1.5166,3.7467
6,1.1903,3.0413
6,1.8726,2.7116
6,1.5268,3.6852
6,1.1908,3.2792
6,1.5867,2.8619
6,1.5206,3.0322
6,1.3859,2.9573
6,1.5986,3.5483
6,1.3585,3.3776
6,1.2304,3.2728
6,1.1491,3.2721
6,1.4272,2.9535
6,1.3746,3.4979
6,1.588,3.3039
6,1.1995,3.1217
6,1.4584,3.1446
6,1.199,3.1695
6,1.8619,2.9339
6,1.4766,3.4224
6,1.7452,3.6177
6,1.599,3.9422
6,1.6817,3.3512
6,1.2692,2.9533
6,1.7515,3.2603
6,1.7905,2.8979
6,1.0846,3.016
6,1.4647,3.0023
6,1.3696,2.95
6,1.5313,3.3135
6,1.33,2.8654
6,1.5558,3.4002
6,1.6194,3.4386
6,1.5489,3.5112
6,1.4763,3.1939
6,1.2421,3.3857
6,1.5115,3.7409
7,3.646,3.2176
7,3.4253,3.4099
7,3.3093,3.6156
7,3.2153,3.4616
7,3.03,3.4599
7,3.4383,3.3606
7,3.3207,3.3707
7,3.4797,3.3794
7,3.0359,2.8402
7,3.7305,3.4787
7,3.5218,3.598
7,3.0083,3.1405
7,3.6643,3.0956
7,3.2531,3.5242
7,3.4756,3.0985
7,3.4549,3.0641
7,3.1804,3.5578
7,2.6847,3.2691
7,3.5339,3.649
7,3.3145,3.1415
7,3.2505,3.2771
7,3.5047,3.4483
7,3.2276,3.5099
7,3.5678,3.4935
7,3.4377,3.4383
7,3.1522,3.354
7,3.6092,3.2842
7,3.5186,3.4961
7,3.713,3.3226
7,3.1768,3.4843
7,3.1762,3.6175
7,3.4783,2.9501
7,3.5668,3.7609
7,3.607,3.2736
7,3.4016,3.6633
7,3.341,3.7103
7,3.5632,3.1062
7,3.8911,3.4354
7,3.6211,4.0933
7,3.4211,3.3571
7,3.2564,3.4973
7,3.5249,3.4662
7,3.279,3.6536
7,3.4596,3.6181
7,3.5946,3.2107
7,3.6311,3.3123
7,3.547,3.4686
7,3.7445,3.3883
7,3.8628,3.907
7,2.9256,3.4877
7,2.9553,3.4875
7,3.1693,3.2325
7,2.9005,3.1385
7,3.3107,3.5588
7,3.3159,3.3605
7,3.4626,3.5298
7,3.4715,3.2337
7,3.2285,3.5792
7,3.1967,3.0373
7,3.5984,3.7133
7,3.3045,3.5693
7,3.0572,3.422
7,3.4026,3.1678
7,3.451,3.3205
7,3.2972,3.4509
7,3.5659,3.6416
7,3.4564,3.1933
7,3.3468,3.659
7,3.389,3.9536
7,3.5145,3.3009
7,3.2896,3.4938
7,3.1363,3.2685
7,3.3611,3.0566
7,3.4323,3.6941
7,3.5274,3.5388
7,3.3925,3.2979
7,3.2857,3.4227
7,3.5491,3.354
7,3.3716,3.1077
7,3.6018,2.8235
7,3.3775,3.3905
7,3.3984,3.3075
7,3.377,3.2847
7,3.1697,3.2308
7,3.1683,3.0366
7,3.1597,3.2957
7,3.8462,3.4323
7,3.35,3.1876
7,3.6351,3.4901
7,3.4873,3.3454
7,3.8648,3.3797
7,3.6318,3.1142
7,3.0933,3.2471
7,3.3182,3.482
7,3.6229,3.242
7,3.472,3.4323
7,3.9663,3.7956
7,3.388,3.5591
7,3.012,3.6075
7,3.511,3.8721
8,5.2612,4.454
8,5.0992,4.4167
8,4.5956,4.9575
8,5.4644,4.4359
8,4.815,4.5607
8,4.7904,4.422
8,4.5729,4.7821
8,4.9671,4.5975
8,4.9692,4.6146
8,4.9032,4.7879
8,4.7481,4.735
8,4.5018,4.7572
8,5.9037,4.1735
8,5.4503,4.644
8,4.8923,4.7933
8,4.9655,4.67
8,5.1077,4.7804
8,4.9964,5.0242
8,4.8289,4.8497
8,5.2802,4.3754
8,4.6585,4.434
8,5.5872,4.5756
8,4.471,4.4715
8,4.903,4.5842
8,5.2618,4.8456
8,5.0354,4.4937
8,4.5491,4.5428
8,5.2766,4.5545
8,5.049,4.7349
8,4.7556,4.8074
8,5.1211,4.5701
8,5.2268,4.5366
8,5.6553,4.7867
8,4.9719,4.7447
8,4.9117,4.6976
8,4.8486,5.2532
8,4.4219,4.6063
8,5.1564,4.6683
8,4.3837,4.5833
8,4.919,4.7233
8,4.9175,4.495
8,5.2535,4.8015
8,4.1686,4.9658
8,5.2754,4.6171
8,4.8442,4.5863
8,4.6121,4.4873
8,4.9974,4.5053
8,5.07,4.2593
8,4.8727,4.5893
8,4.5592,4.4237
8,5.3619,4.8512
8,5.0592,4.6312
8,4.7879,4.611
8,5.3649,4.8797
8,5.1102,4.2449
8,4.6197,4.6659
8,5.1863,4.3884
8,4.4614,4.4713
8,4.6826,4.6517
8,5.0455,4.7783
8,5.1234,4.4327
8,5.0211,4.7106
8,4.4201,4.8917
8,5.2456,4.429
8,5.3785,4.4016
8,5.3502,4.5977
8,4.8289,4.7254
8,4.8818,4.6003
8,4.6948,4.4367
8,5.0751,4.623
8,5.0756,4.6414
8,4.7686,4.5111
8,5.2759,4.3759
8,5.2556,4.6871
8,5.1971,4.6034
8,4.774,4.5274
8,4.5984,4.4738
8,5.1957,4.4999
8,5.4342,4.4266
8,4.613,4.392
8,4.3375,4.8531
8,5.4308,4.5517
8,4.9815,4.2542
8,5.3533,4.5024
8,5.2957,4.8121
8,4.6344,4.4924
8,4.8704,4.9555
8,4.7495,4.4441
8,5.0539,4.4494
8,5.3499,4.3934
8,5.0168,4.8328
8,4.37,4.484
8,5.3706,4.6835
8,5.0008,4.2704
8,4.8621,4.4855
8,4.369,4.7318
8,5.1122,4.3439
8,5.0736,4.61
8,5.1016,4.7097
8,4.6766,4.9557
9,6.2282,3.1437
9,6.2893,2.7749
9,6.0291,3.0356
9,5.9842,2.915
9,6.1113,2.97
9,5.9213,2.9366
9,6.3244,3.1624
9,6.2552,3.1241
9,6.2925,3.0555
9,6.3522,3.0703
9,6.0784,3.0458
9,5.9846,3.0684
9,6.2051,3.0251
9,6.3304,2.9821
9,6.2717,3.0508
9,6.2891,2.969
9,6.4012,2.9606
9,6.1591,2.973
9,6.3408,2.9912
9,6.0976,3.0008
9,6.2579,3.2532
9,5.8193,2.8777
9,6.4084,2.8928
9,5.745,3.0246
9,6.1411,2.9949
9,6.0308,2.927
9,5.8682,3.0327
9,6.1672,3.0753
9,6.1664,2.8846
9,6.3822,2.9592
9,6.1274,2.8712
9,6.2155,3.0084
9,6.1486,3.0164
9,6.3935,3.0683
9,6.3261,2.8914
9,6.1021,3.0297
9,6.1249,2.9857
9,6.4559,3.1392
9,6.0521,3.0307
9,6.2716,2.9463
9,5.9243,2.9771
9,5.9476,2.9464
9,6.2726,3.1439
9,6.2297,2.9489
9,6.3116,2.8393
9,5.9734,2.9799
9,6.3036,3.1144
9,6.1344,3.0663
9,6.0905,3.0164
9,6.4378,3.1785
10,6.9704,3.605
10,7.2109,3.4126
10,7.3063,3.5558
10,7.6358,3.673
10,7.6843,3.6019
10,7.2644,3.2982
10,7.7485,3.3389
10,7.7002,3.188
10,7.4623,3.7992
10,7.2146,3.4922
10,7.7676,3.3029
10,7.4611,3.7033
10,7.196,3.3467
10,7.5757,3.6338
10,7.6571,3.955
10,7.0615,3.7813
10,8.0599,3.452
10,6.8553,3.4658
10,7.0094,4.0811
10,7.8672,3.4488
10,7.5976,3.5904
10,7.3713,3.5978
10,7.5035,3.7775
10,7.7194,3.5646
10,7.2396,3.6099
10,7.7784,3.5966
10,7.7092,4.3067
10,7.4865,3.7628
10,7.5574,3.2371
10,7.3114,3.1348
10,7.243,3.0155
10,7.3834,4.052
10,7.8086,3.2543
10,7.4281,3.7976
10,7.3645,3.6601
10,7.2062,3.042
10,7.16,4.1069
10,7.5066,3.6657
10,7.8121,4.046
10,7.8694,3.6028
10,7.6681,3.5539
10,7.4073,3.1942
10,7.3897,3.5113
10,7.6097,3.5411
10,7.7812,3.0437
10,7.7923,3.4943
10,6.8643,3.549
10,7.4861,3.2837
10,7.21,3.6232
10,7.3586,3.1362
10,8.0206,3.3279
10,7.2667,3.5316
10,6.9949,3.3185
10,7.5531,3.6265
10,7.4627,3.3912
10,7.3753,3.2378
10,7.7638,3.7795
10,7.6698,3.68
10,7.6128,3.6714
10,7.4169,3.7055
10,7.4521,3.5016
10,7.4481,3.4517
10,7.4705,3.5635
10,7.4839,3.3636
10,7.6024,3.5599
11,9.2611,4.3584
11,9.1968,3.9972
11,8.7497,4.6001
11,8.964,3.483
11,8.8513,3.5762
11,9.0466,4.2167
11,9.4203,3.5562
11,8.8247,4.0606
11,9.3898,3.799
11,8.9069,4.5483
11,8.8696,4.2183
11,9.1219,3.7965
11,9.1418,3.6807
11,9.056,3.7976
11,8.7065,5.1969
11,8.8617,3.9752
11,8.8264,3.8987
11,8.8975,3.9012
11,8.8436,4.7582
11,9.0852,3.1339
11,9.2023,4.5562
11,8.9499,3.6404
11,9.1108,3.8633
11,9.1518,4.3387
11,9.0268,3.5318
11,8.9455,4.2129
11,8.8915,3.9627
11,8.7674,3.3006
11,8.9453,4.0962
11,9.0319,4.2902
11,8.9627,4.3189
11,9.0436,3.717
11,9.0092,3.9919
11,9.1341,4.3112
11,8.8739,4.2667
11,8.9763,3.8053
11,9.0484,3.3642
11,8.9248,4.1363
11,9.0561,4.1587
11,8.6451,4.7492
11,9.0917,3.2231
11,9.0924,3.8229
11,8.9998,4.2171
11,8.9294,3.9493
11,8.9134,5.0144
11,8.659,3.8164
11,9.2191,2.8181
11,9.1272,4.3649
11,8.7826,3.3005
11,8.7045,4.6574
11,8.923,4.2019
11,9.1362,3.8279
11,9.1665,3.51
11,9.1069,4.9287
11,9.1536,4.1548
11,9.351,3.7554
11,8.6591,3.6526
11,9.0939,3.9098
11,8.9891,4.6281
11,8.8502,4.9554
12,1.0027,5.2025
12,1.0427,5.1322
12,1.0323,5.5408
12,0.8351,5.0696
12,1.014,4.5708
12,0.9502,4.8576
12,0.95722,5.7181
12,0.98491,6.0456
12,0.71092,6.1013
12,0.92655,6.6564
12,1.0756,4.958
12,1.0121,6.1823
12,0.94841,5.5408
12,0.96591,5.2661
12,0.892,5.2868
12,0.93026,5.9448
12,0.9417,5.8249
12,0.98139,4.5969
12,1.0588,6.0123
12,0.9979,5.9126
12,0.99202,5.3818
12,0.91645,5.0094
12,1.0979,5.1152
12,1.0235,4.8819
12,1.0566,5.4749
12,1.0219,5.3057
12,1.0808,5.344
12,1.1513,5.6107
12,0.95684,5.3513
12,1.0543,4.6514
12,1.0679,5.2006
12,0.99912,5.2383
12,1.1912,4.6421
12,0.90214,5.9428
12,0.95139,4.4167
12,1.0078,5.7111
12,1.0026,5.3526
12,0.97772,5.3179
12,0.95203,5.8238
12,1.0825,5.3482
12,0.99396,5.3866
12,0.91932,5.0642
12,1.1713,6.0629
12,1.0912,5.9958
12,1.1489,5.8432
12,0.99733,5.7656
12,1.1916,5.8632
12,1.092,5.8471
12,0.81919,5.6971
12,0.87347,5.8158
12,1.0584,5.1454
12,0.98838,5.5147
12,0.98562,5.7752
12,1.1075,5.1373
12,1.1702,5.5004
12,1.0391,5.4062
12,1.0127,6.1207
12,1.2251,5.7362
12,0.99893,6.0472
12,0.95495,5.8113
12,1.1514,5.1692
12,0.98583,4.8729
12,1.0173,5.0851
12,0.90578,5.0415
12,1.0581,4.9899
12,1.4611,4.8924
12,1.0146,5.0626
12,0.99316,5.1687
12,1.1287,5.1024
12,0.76546,5.2094
13,3.0318,5.2951
13,2.7751,4.9173
13,2.9778,4.3743
13,3.0898,4.8682
13,3.4201,5.2136
13,3.0079,5.3079
13,3.1143,5.3855
13,3.2401,5.3002
13,3.1018,5.322
13,2.826,5.5682
13,2.9678,5.4603
13,2.8684,5.0527
13,3.1414,4.8572
13,3.3081,4.9161
13,2.9956,5.2108
13,3.211,5.3625
13,2.8606,4.9257
13,3.0319,5.4538
13,2.9647,4.7825
13,3.3261,4.8604
13,3.0588,4.8839
13,3.1535,4.8014
13,2.9318,5.261
13,2.8733,4.9439
13,3.0789,5.5555
13,2.8363,4.9982
13,2.7277,5.5599
13,2.9396,4.271
13,3.3198,5.1085
13,2.9215,5.085
13,3.0442,5.5806
13,2.8813,5.0785
13,2.5899,5.5337
13,3.0001,5.5678
13,3.3387,4.8139
13,2.9337,4.6428
13,2.77,5.2575
13,2.8019,4.7555
13,3.0728,4.9529
13,2.9159,4.8286
13,3.1613,4.9996
13,2.3598,5.3762
13,2.8675,4.836
13,2.7845,4.7794
13,2.5315,4.7732
13,2.8923,5.5924
13,2.5223,4.9011
13,2.3236,4.5173
13,2.4753,5.2846
13,2.8156,5.0075
13,2.7821,4.8932
13,2.9005,5.155
13,2.7982,5.2662
13,2.9521,4.8088
13,2.299,5.0333
13,2.6391,4.9068
13,2.6274,4.8266
13,2.6884,5.1427
13,2.9134,5.2164
13,2.5647,4.589
13,2.7505,5.333
13,2.3179,5.0447
13,2.5169,4.9292
13,2.888,4.5235
13,2.3513,4.9228
13,2.983,4.9791
13,2.6032,5.0311
13,2.8056,4.869
13,2.4647,5.2778
13,2.851,5.4704
14,3.6039,6.1186
14,4.0777,6.635
14,3.7576,5.9803
14,3.8527,6.7035
14,4.0829,6.1576
14,3.6755,6.2995
14,4.2679,6.5394
14,4.1054,6.4844
14,4.3556,6.2147
14,3.922,6.5221
14,4.2283,6.0051
14,3.7203,6.6454
14,4.0602,6.5901
14,4.2809,6.3046
14,3.8379,6.401
14,4.0218,6.5449
14,4.4087,6.2181
14,3.8039,6.4364
14,3.7224,6.4718
14,4.2334,6.393
14,3.9941,5.9449
14,3.7248,6.2161
14,3.7766,5.8059
14,4.0866,6.2042
14,4.0612,6.1025
14,3.9121,6.276
14,4.0573,6.3944
14,4.1411,6.5075
14,3.8173,6.2642
14,3.9201,6.31
14,4.1013,6.0705
14,4.1297,5.8849
14,4.0218,6.1859
14,4.0861,6.2371
14,3.927,5.9619
14,4.1586,5.9305
14,3.9337,6.1
14,3.9232,5.8865
14,4.0538,6.0154
14,3.9935,5.9865
14,3.8414,6.0827
14,4.1077,5.8031
14,4.0695,6.0123
14,4.1648,6.0262
14,4.0295,5.8229
15,1.4762,7.5747
15,1.5944,7.616
15,1.3086,7.4132
15,1.455,7.5296
15,1.5295,7.4938
15,1.4216,7.2734
15,1.736,7.5727
15,1.6154,7.5664
15,1.4132,7.3885
15,1.5497,7.686
15,1.6693,7.2352
15,1.5372,7.4384
15,1.5835,7.4414
15,1.5965,7.3929
15,1.6109,7.4004
15,1.3016,7.5725
15,1.3985,7.3689
15,1.4471,7.5103
15,1.2604,7.4362
15,1.2897,7.4807
15,1.5536,7.7899
15,1.5538,7.4187
15,1.6387,7.6328
15,1.5548,7.5057
15,1.385,7.5047
15,1.4976,7.2146
15,1.3925,7.6531
15,1.6301,7.5232
15,1.2734,7.4349
15,1.6289,7.5056
15,1.2836,7.6288
15,1.5748,7.7291
15,1.134,7.5148
15,1.2158,7.471
15,1.3394,7.5187
15,1.5781,7.4697
15,1.3386,7.2689
15,1.4667,7.4884
15,1.4129,7.5168
15,1.4078,7.4634
16,1.7133,8.9209
16,2.2945,8.9228
16,1.833,8.7936
16,1.788,8.5896
16,1.5355,8.5791
16,1.5771,8.9481
16,1.7596,8.4636
16,1.8512,8.741
16,1.9554,8.8281
16,2.4541,9.0186
16,2.3426,8.7282
16,1.3211,8.5215
16,2.5026,8.8696
16,1.4058,8.6561
16,2.8285,9.1555
16,1.8797,8.6264
16,1.6245,8.8342
16,0.99148,9.2085
16,1.6408,9.0108
16,2.4169,8.7966
16,1.6349,8.8958
16,1.6197,9.2805
16,1.2748,9.0801
16,1.3304,8.5343
16,1.5685,8.8369
16,1.944,9.013
16,0.97509,8.493
16,2.0669,8.8577
16,1.6076,8.7864
16,2.1217,8.8577
16,1.7983,8.639
16,1.6229,8.4346
16,2.0011,8.5855
16,2.0021,9.175
16,2.61,8.7741
16,1.2795,8.6097
16,1.5192,9.0936
16,1.3106,8.9838
16,1.572,8.6275
16,1.5978,9.015
16,1.6234,9.0221
16,1.6124,8.6452
16,1.5958,8.908
16,1.7051,8.7259
16,1.9713,9.0502
16,2.2455,8.5476
16,1.654,8.7183
16,2.531,8.9642
16,2.1491,8.7841
16,2.2879,8.9153
16,1.4079,9.1475
16,1.0687,8.7147
16,1.9308,8.5808
16,1.9377,9.1125
16,1.1199,8.7125
16,1.2057,8.8637
16,1.9408,8.6836
16,2.2146,8.4862
16,2.3425,8.6105
16,1.4327,9.0624
17,3.717,8.6521
17,3.77,8.3295
17,3.86,8.1901
17,4.0354,8.2744
17,3.8305,8.3491
17,3.7483,8.3552
17,3.6295,8.3637
17,3.9166,8.5181
17,3.3823,8.2312
17,3.565,8.371
17,3.9473,8.1763
17,3.8894,7.9282
17,3.5446,8.1856
17,3.9074,8.5836
17,3.8939,8.2291
17,3.5631,8.5044
17,3.7856,8.4204
17,4.1204,8.1805
17,3.7013,8.6827
17,3.5305,8.4747
17,3.8318,8.4805
17,3.688,8.1181
17,3.7283,8.1706
17,3.882,8.4293
17,3.789,8.54
17,3.7237,8.2947
17,3.5937,8.6424
17,3.6359,8.2744
17,3.5953,8.4436
17,3.679,8.3007
18,2.6743,7.1986
18,2.8713,7.348
18,3.061,7.712
18,2.8731,7.4604
18,2.9544,7.5518
18,3.0511,7.611
18,2.7743,7.2957
18,2.9897,7.538
18,2.7751,7.413
18,3.22,7.2052
18,2.8521,7.5786
18,2.6909,7.3312
18,2.8201,7.3994
18,2.6534,7.2322
18,2.4952,7.3794
18,2.87,7.5879
18,2.8466,7.8143
18,2.9308,7.2737
18,2.631,7.5691
18,2.639,7.6047
18,2.7018,7.7088
18,2.5989,7.752
18,3.3383,7.2788
18,2.8743,7.5123
18,2.6694,7.7461
18,2.8849,7.609
18,3.0459,7.78
18,2.9355,7.7433
18,2.9833,7.9688
18,2.8961,6.976
19,4.7591,7.0222
19,4.63,7.6316
19,4.6759,7.9031
19,4.6131,7.6141
19,4.7182,7.6767
19,4.7228,7.3575
19,4.8745,7.4444
19,4.8818,7.1566
19,4.8062,7.4635
19,4.8084,7.3342
19,4.583,7.3026
19,4.8276,7.9342
19,4.6058,7.4649
19,4.5401,7.689
19,5.0166,7.6126
19,4.7319,7.1955
19,4.6337,6.933
19,4.7008,7.0699
19,4.7069,7.5828
19,4.493,7.4096
19,4.6284,7.7279
19,4.7529,7.386
19,4.7036,7.1033
19,4.5337,7.5289
19,4.6509,7.8303
19,4.685,7.5796
19,4.7081,7.4442
19,4.5321,7.3737
19,4.7255,7.8804
19,4.8529,7.7743
20,5.5313,8.7484
20,5.3716,8.554
20,5.8825,8.5567
20,4.9506,8.3322
20,5.4456,8.5554
20,5.5344,8.5646
20,5.2833,8.3128
20,5.5336,8.2622
20,5.9984,8.113
20,5.1849,8.6746
20,5.3947,8.2976
20,5.0743,8.5093
20,5.7184,8.5166
20,5.1382,8.5182
20,5.2425,8.3724
20,5.9269,8.4547
20,5.747,8.4386
20,5.2732,8.7699
20,5.805,8.2688
20,5.3023,8.4588
20,5.5318,8.7133
20,6.0503,8.5842
20,6.1771,8.2824
20,5.3671,8.6586
20,5.491,7.9596
20,5.8117,8.4015
20,5.6823,8.8135
20,5.4301,8.5997
20,5.4372,8.6583
20,5.2648,8.4814
20,4.8184,8.424
20,5.453,8.6392
20,5.1406,8.9634
20,5.4316,8.4463
20,6.2405,8.7874
20,5.5102,8.3921
20,5.9529,8.414
20,5.1668,8.6301
20,5.8827,8.3196
20,4.9979,8.6885
20,5.416,8.1633
20,5.5872,8.0159
20,5.686,8.4682
20,5.4627,8.5658
20,5.1753,8.7551
20,5.1347,8.5239
20,5.2834,8.6909
20,5.1943,8.5481
20,5.3263,8.6359
20,5.2148,8.3062
21,4.9847,6.1266
21,4.8804,6.4045
21,4.9526,5.9173
21,5.4593,6.1269
21,4.7192,6.0639
21,5.0068,5.9304
21,4.9358,5.9993
21,5.0759,6.1236
21,5.3585,6.4657
21,5.1825,6.1773
21,4.8686,5.9512
21,4.7132,5.6054
21,5.1696,6.0498
21,4.8016,6.0522
21,4.8569,5.8417
21,5.0931,6.2019
21,4.6955,6.0782
21,5.3112,6.1174
21,5.0206,5.9028
21,4.9532,5.8632
21,5.1616,5.9065
21,5.1612,5.7779
21,4.9502,5.8955
21,5.2205,6.1454
21,5.0735,5.5489
21,5.22,5.6456
21,5.0527,6.0053
21,4.9618,6.0657
21,5.3497,5.8102
21,4.8434,6.1073
21,5.4518,5.9579
21,5.3367,6.2503
21,4.8873,6.3206
21,5.0539,6.5197
21,5.0292,5.7898
21,5.1322,6.3659
21,5.0657,6.1676
21,5.0317,6.1849
21,5.582,6.0875
21,5.1334,6.2468
21,5.1695,6.1483
21,5.2573,6.0762
21,4.8536,6.0923
21,4.9717,6.3233
21,5.294,6.2983
21,5.2703,6.4201
21,4.9678,6.2726
21,5.4251,6.1708
21,5.1867,5.9723
21,5.2283,6.263
21,5.2219,6.1387
21,5.09,6.2443
21,4.8337,6.3749
21,5.1738,6.1014
21,4.887,6.1035
21,5.1671,6.1482
21,5.2415,6.2425
21,5.2396,6.6074
21,4.9227,6.0254
21,5.2733,6.468
21,5.3292,6.2442
21,5.622,6.0502
21,5.5184,6.0287
21,4.5653,6.2701
21,4.7625,6.0318
21,5.05,5.6555
21,5.0379,5.9968
21,4.8199,6.2334
21,5.0965,6.2425
21,5.0206,6.0529
21,5.6301,5.6613
21,5.117,6.2193
21,4.9172,5.9885
21,5.1751,6.0384
21,5.0945,6.2563
21,5.3786,6.0806
21,5.2306,5.2556
21,4.8543,5.6673
21,5.4741,5.8344
21,5.1908,5.7417
21,5.12,6.0307
21,5.0445,6.0304
21,5.5382,5.8614
21,5.2673,6.2339
21,4.8342,5.8424
21,5.9512,5.9309
21,5.1975,5.8665
21,5.3813,5.8207
21,5.4064,6.0109
21,4.908,5.7212
21,5.3063,6.7154
21,5.6491,6.279
21,5.6441,6.2934
21,4.8162,6.2453
21,5.522,6.3139
21,5.2626,6.2361
21,5.5352,6.0912
21,5.4516,6.3986
21,5.3052,6.588
21,5.396,6.337
21,5.5824,6.1512
21,5.6178,6.3113
21,5.1751,6.5041
21,5.0018,6.6566
21,5.2743,6.019
21,5.706,6.3228
21,5.5028,6.2133
21,5.5182,6.4089
21,5.2672,6.3338
21,5.1703,6.1823
22,7.1396,5.8526
22,7.1394,6.1973
22,6.8805,6.4308
22,7.0229,5.5395
22,6.6563,6.5259
22,7.0144,6.3849
22,6.8743,6.0281
22,7.2217,6.474
22,6.7086,6.0734
22,7.3023,5.6939
22,6.904,6.3384
22,6.9891,6.6697
22,7.1899,5.7677
22,7.1206,5.6996
22,6.7248,6.3415
22,6.717,5.9928
22,6.717,5.5909
22,7.115,6.3709
22,6.8729,5.9538
22,6.8111,5.7614
22,6.9165,5.8255
22,7.1072,5.8507
22,6.8682,6.2812
22,6.9619,5.6533
22,6.4369,6.1408
22,6.7665,6.3013
22,6.6867,5.742
22,6.7722,6.1003
22,6.7476,5.504
22,6.8156,6.2091
22,6.6756,6.3591
22,7.0613,5.8661
22,6.9867,6.0726
22,6.8177,5.6226
22,6.604,5.7307
22,7.1663,5.2757
22,6.9305,5.8209
22,7.2355,6.0781
22,6.9017,5.4825
22,6.5443,5.7333
22,7.238,5.5828
22,6.8417,5.5575
22,7.0849,6.0707
22,6.7556,5.8202
22,7.0224,6.0219
22,7.067,5.919
22,7.1026,6.0807
22,6.9998,5.1228
22,6.8918,5.4934
22,6.9289,5.7484
22,6.9605,5.9044
22,6.7523,6.1445
22,7.0101,5.6081
22,6.6871,5.6185
22,6.5189,5.7145
22,6.9333,6.0086
22,6.9395,5.8319
22,6.9441,6.1377
22,7.2546,5.5684
22,7.1466,5.9233
23,8.6572,6.6749
23,8.709,6.8083
23,8.4366,6.6088
23,8.6041,6.7326
23,8.5476,6.7265
23,8.6844,7.2072
23,8.8927,6.7272
23,8.3177,6.0524
23,8.92,6.5887
23,8.5429,6.7002
23,8.3402,6.7828
23,8.3379,6.7451
23,8.5236,6.3524
23,8.5276,6.5083
23,8.5822,6.6036
23,8.6654,6.5647
23,8.5723,7.1087
23,8.2951,6.0186
23,8.362,6.7567
23,8.3482,6.8559
23,8.3819,6.3228
23,8.571,6.6487
23,8.5681,6.4733
23,8.4545,6.19
23,8.3002,6.5302
23,8.4348,7.0004
23,8.6194,6.3803
23,8.4741,6.6883
23,8.7881,6.1636
23,8.3363,6.2235
23,8.5588,6.1283
23,8.7303,6.0696
23,8.3279,6.2172
23,8.4888,6.2301
23,8.2571,6.3674
23,8.3138,6.0069
23,8.2105,6.3479
23,8.3131,6.2675
23,8.5735,6.2619
23,8.452,6.4049
24,7.5515,7.7338
24,7.1986,7.8696
24,7.3263,7.4862
24,7.6756,7.7587
24,7.4054,7.9173
24,7.2388,7.8923
24,7.5258,7.3811
24,7.869,7.8464
24,7.0449,7.6662
24,7.4545,7.9763
24,6.9558,7.8859
24,6.8255,7.6302
24,6.9968,7.7539
24,7.1779,7.8022
24,6.6115,7.2078
24,6.7204,7.5772
24,7.1829,7.6209
24,7.3802,7.471
24,7.4356,7.2535
24,7.3312,7.868
24,7.1461,7.5772
24,7.359,7.9344
24,7.9479,7.5084
24,7.793,7.8906
24,7.1822,7.8407
24,7.6243,7.812
24,7.0138,7.4924
24,7.3052,7.6643
24,7.2433,7.606
24,7.429,7.508
24,6.8355,7.611
24,7.3873,7.3758
24,7.2506,7.6685
24,7.2986,7.6605
24,6.8914,7.5337
24,7.0819,7.8275
24,6.7368,7.4903
24,6.9798,7.6504
24,6.909,7.805
24,7.0951,7.7426
25,9.2617,8.101
25,8.9485,8.2967
25,8.8807,7.9568
25,8.9706,8.5515
25,8.7704,8.0632
25,8.5038,8.3563
25,8.9103,8.4829
25,8.3133,8.3965
25,8.5918,8.3747
25,9.1174,8.1271
25,8.5916,8.289
25,8.881,8.4861
25,8.7354,8.1473
25,8.8832,8.0529
25,8.9271,8.1603
25,8.6497,8.4709
25,8.1626,8.2451
25,9.1063,8.3446
25,8.6326,7.951
25,8.8854,8.1455
25,9.0909,8.1601
25,8.4753,8.0468
25,9.1769,8.5348
25,9.0223,8.508
25,8.8367,7.9866
25,8.6924,8.35
25,9.1616,8.1069
25,8.9337,8.2669
25,8.9597,8.3091
25,9.6079,8.6419
25,8.9664,8.3741
25,9.153,8.1687
25,8.7848,8.4663
25,9.3407,8.4752
25,8.7715,8.3277
26,7.9484,9.1152
26,7.4666,9.1144
26,7.4082,9.0293
26,7.6092,8.8149
26,7.2395,9.2546
26,7.4177,9.1976
26,7.392,8.8576
26,7.7733,8.7331
26,7.6414,9.2008
26,7.6215,9.1217
26,7.684,9.0072
26,7.6799,9.0511
26,7.5065,9.1394
26,7.2168,8.9138
26,7.1638,9.3108
26,7.5076,9.0693
26,7.8327,8.8467
26,7.6662,8.9013
26,7.7095,9.3009
26,7.8588,8.87
26,7.403,8.7879
26,7.3733,9.2309
26,7.7204,9.0639
26,7.3566,9.4407
26,7.94,8.9464
26,7.6781,9.1276
26,7.3729,8.9961
26,7.4253,9.0865
26,7.6044,8.6821
26,7.6426,9.0499
26,7.7337,9.1526
26,7.568,8.9989
26,7.2971,8.9281
26,7.5186,9.0052
26,7.1928,8.5821
